7
0.0
0.0
0.0
0.0
0.0
0.0
0.0
0.0
0.0
0.0
0.0
0.0
0.0
0.0
0.0
0.0
0.0
0.0
0.0590080113345
0.0
0.0
0.0
0.0
0.0
0.0
0.0
0.0
0.00108225108225
0.0
0.0
0.0
0.0
0.0
0.0
0.0
0.0
0.0
0.0
0.0
0.0
0.0
0.0
0.0
0.0
0.0
0.0
0.0321443390734
0.0
0.0
0.0
0.0
0.0
0.0
0.0
0.0
0.0
0.0
0.0
0.0
0.0
0.0
0.0
0.0
0.0
0.0
0.0
0.0
0.0
0.0
0.0
0.0
0.0
0.0
0.0
0.0
0.0
0.0
0.0
0.0
0.00952380952381
0.0
0.0
0.0
0.0
0.363986266952
0.0
0.0
0.0
0.0
0.0
0.0
0.0
0.115755982832
0.0
0.225065093245
0.0
0.0
0.191010613252
0.0
0.0
0.0
0.0
0.0
0.0
0.0
0.0
0.0
0.0
0.0
0.0
0.0
0.0
0.00108225108225
0.0
0.0
0.0
0.0
0.0
0.0
0.0
0.0
0.0
0.0
0.00134138162307
0.0
0.0
0.0
0.0

