7
0.0
0.0
0.0
0.0
0.0
0.0
0.0
0.0
0.0
0.0
0.0
0.0
0.0
0.0
0.0
0.0
0.0
0.0
0.0594555873926
0.0
0.0
0.0
0.0
0.0
0.0
0.0
0.0
0.00143266475645
0.0
0.0
0.0
0.0
0.0
0.0
0.0
0.0
0.0
0.0
0.0
0.0
0.0
0.0
0.0
0.0
0.0
0.0
0.0200573065903
0.0
0.0
0.0
0.0
0.0
0.0
0.0
0.0
0.0
0.0
0.0
0.0
0.0
0.0
0.0
0.0
0.0
0.0
0.0
0.0
0.0
0.0
0.0
0.0
0.0
0.0
0.0
0.0
0.0
0.0
0.0
0.0
0.00859598853868
0.0
0.0
0.0
0.0
0.331661891117
0.0
0.0
0.0
0.0
0.0
0.0
0.0
0.124641833811
0.0
0.237106017192
0.0
0.0
0.214183381089
0.0
0.0
0.0
0.0
0.0
0.0
0.0
0.0
0.0
0.0
0.0
0.0
0.0
0.0
0.00143266475645
0.0
0.0
0.0
0.0
0.0
0.0
0.0
0.0
0.0
0.0
0.00143266475645
0.0
0.0
0.0
0.0
