128.112.35.154
5
10
0 0 0
1 1 4
3 0 3
3 1 2
7 5 1
31 11 2
15 4 1
31 15 3
31 2 1
63 0 2
128.112.35.60
3
7
0 0 0
1 1 2
3 1 1
15 6 2
15 15 1
31 10 2
511 7 1
128.112.165.165
2
3
0 0 0
1 1 1
255 13 0
128.112.160.24
2
4
0 0 0
1 1 1
31 1 0
127 0 1
128.112.255.98
2
4
0 0 0
3 0 1
255 14 1
1023 1 1
128.112.35.99
2
4
0 0 0
1 0 1
63 6 0
511 3 1
128.112.188.75
2
4
0 0 0
1 0 1
15 0 0
511 5 1
128.112.35.112
2
4
0 0 0
1 0 1
7 0 0
255 10 0
128.112.210.243
2
4
0 0 0
1 1 1
31 3 0
255 235 0
140.180.105.150
2
3
0 0 0
3 2 1
31 0 1
140.180.179.108
2
5
0 0 0
3 2 1
63 33 1
511 366 0
2047 1424 1
128.112.35.30
2
4
0 0 0
1 0 1
15 4 0
255 209 1
128.112.144.12
2
3
0 0 0
15 11 1
4095 3515 0
128.112.160.112
2
5
0 0 0
1 1 1
15 5 0
31 6 1
511 429 0
128.112.38.41
2
5
0 0 0
31 12 1
63 28 1
1023 172 0
4095 1756 0
128.112.160.62
2
4
0 0 0
3 1 1
7 4 1
2047 805 0
140.180.150.253
2
4
0 0 0
3 2 1
7 7 1
63 19 1
