17
128.112.35.154
5
4
0.0238499649031
0.0375755524468
0.0235199860169
0.0369177108971
0.0501825574913
0.0682960808133
0.0927197694315
0.089235358038
0.0845325626863
0.100647690521
0.0435673781659
0.109824359497
0.0773427888599
0.0701155523446
0.0527346910259
0.0389379968612
128.112.35.60
3
4
0.0242321664138
0.0353983350569
0.0216250709568
0.031610632032
0.0511108454814
0.0698460151642
0.0871153752304
0.0927657689155
0.0845061487015
0.10441378142
0.0357305733474
0.107325165309
0.08068981381
0.0720783888878
0.0527643440137
0.0487875752593
128.112.165.165
2
4
0.0291107836798
0.0155050475225
0.0344208955258
0.118272908414
0.06770786157
0.0356559946768
0.0698012053172
0.071321835641
0.0691820854274
0.1293850191
0.0698206605967
0.0549807064716
0.025999838934
0.0368691835257
0.131605305661
0.0403606679367
128.112.160.24
2
4
0.030331419572
0.13786248802
0.0830323424337
0.0763841215684
0.00606580795757
0.0586339571451
0.113766398464
0.0854980993273
0.0276630287716
0.0500413096859
0.0527783982177
0.0360666020074
0.0348451575965
0.0442481443582
0.0862746223641
0.0765081025112
128.112.255.98
2
4
0.00108225108225
0.191010613252
0.0590080113345
0.0
0.363986266952
0.0
0.0
0.0
0.0
0.0
0.0
0.00242363270532
0.115755982832
0.0
0.257209432319
0.00952380952381
128.112.35.99
2
4
0.0772497739088
0.108134493506
0.0443073813559
0.0817216651357
0.0692532260962
0.0671039234815
0.222229765295
0.0815707614612
0.0210726939297
0.0289884966368
0.0384844306093
0.0531623421583
0.0584677510484
0.00630548397648
0.0218342008685
0.0201136105319
128.112.188.75
2
4
0.093855280054
0.0828317575904
0.0408807220654
0.0842916748918
0.0766389668256
0.0779337989579
0.265756633674
0.110741434245
0.0
0.0338499935439
0.000541125541126
0.0103496982875
0.0952274884124
0.00856638951877
0.0185350363922
0.0
128.112.35.112
2
4
0.0877052425711
0.0721719542681
0.0705796425204
0.09373209335
0.103237921234
0.0694268184072
0.197485499709
0.0857714194894
0.0359112216389
0.0342301356111
0.0332784287424
0.00873238184163
0.0606277038312
0.0102130042429
0.0368965325428
0.0
128.112.210.243
2
4
0.028780700957
0.0366196091249
0.0661770572048
0.115229901265
0.0268424318467
0.070509691428
0.0728376229547
0.0498274187762
0.0187336336138
0.130437040102
0.0718884756348
0.0350032105787
0.064614154802
0.0482362396358
0.0903204061009
0.0739424059748
140.180.105.150
2
4
0.0505782561233
0.0345036704826
0.186476462764
0.0341787077109
0.0455541207129
0.0256529503467
0.104453882413
0.0423529771046
0.0339344112104
0.0290833973196
0.124908553019
0.127808326353
0.0134426770673
0.041317704213
0.0587177596677
0.047036143492
140.180.179.108
2
4
0.286295860799
0.262297805714
0.0
0.0
0.0
0.0
0.0
0.0
0.00198412698413
0.0
0.0018315018315
0.00380952380952
0.0
0.0
0.443781180862
0.0
128.112.35.30
2
4
0.123188026784
0.0941810796568
0.00957276850134
0.121721891044
0.0803152363631
0.0575431946029
0.229845890002
0.117559073752
0.00459813555052
0.0213939631219
0.0
0.00909143605431
0.110870275519
0.00396825396825
0.0161507750793
0.0
128.112.144.12
2
4
0.0
0.298851170378
0.0
0.0276130578017
0.0
0.0
0.0414195867026
0.0
0.130260826763
0.0
0.0
0.501855358354
0.0
0.0
0.0
0.0
128.112.160.112
2
4
0.031007754315
0.168897426809
0.0317496328991
0.0671698114494
0.00380803104941
0.107941373399
0.0222161866899
0.0639148425663
0.0264105280167
0.0391970578834
0.0517107399011
0.0549346847688
0.0144959468268
0.0499101067197
0.220198170124
0.0464377065833
128.112.38.41
2
4
0.0
0.0
0.191880411255
0.0937349590374
0.00161290322581
0.0
0.0
0.0
0.0
0.0277777777778
0.0
0.0
0.684993948704
0.0
0.0
0.0
128.112.160.62
2
4
0.00896722325294
0.116307829784
0.0255102040816
0.0437689569142
0.041845253307
0.147870961426
0.00110741971207
0.128295004562
0.0222663637332
0.0499416858338
0.0730129446439
0.0328470526516
0.0286006543915
0.116652738206
0.135928005287
0.0270777022134
140.180.150.253
2
4
0.00611256926218
0.0214873140857
0.0631121109861
0.028801399825
0.0991576052993
0.0123184601925
0.0247302420531
0.00768737241178
0.233245844269
0.0254651501896
0.221114027413
0.0374103237095
0.0137066200058
0.0293804941049
0.113780777403
0.0624896887889
